000000000000000000000000000000000000000000000000000000000000000000000000000000000000000000000000000010000000000000000000000000000000000000000000000000000000000000000000000000000000000000000000000000000
000000000000000000000000000000000000000000000000000000000000000000000000000000000000000000000000000111000000000000000000000000000000000000000000000000000000000000000000000000000000000000000000000000000
000000000000000000000000000000000000000000000000000000000000000000000000000000000000000000000000001100100000000000000000000000000000000000000000000000000000000000000000000000000000000000000000000000000
000000000000000000000000000000000000000000000000000000000000000000000000000000000000000000000000011011110000000000000000000000000000000000000000000000000000000000000000000000000000000000000000000000000
000000000000000000000000000000000000000000000000000000000000000000000000000000000000000000000000110010001000000000000000000000000000000000000000000000000000000000000000000000000000000000000000000000000
000000000000000000000000000000000000000000000000000000000000000000000000000000000000000000000001101111011100000000000000000000000000000000000000000000000000000000000000000000000000000000000000000000000
000000000000000000000000000000000000000000000000000000000000000000000000000000000000000000000011001000010010000000000000000000000000000000000000000000000000000000000000000000000000000000000000000000000
000000000000000000000000000000000000000000000000000000000000000000000000000000000000000000000110111100111111000000000000000000000000000000000000000000000000000000000000000000000000000000000000000000000
000000000000000000000000000000000000000000000000000000000000000000000000000000000000000000001100100011100000100000000000000000000000000000000000000000000000000000000000000000000000000000000000000000000
000000000000000000000000000000000000000000000000000000000000000000000000000000000000000000011011110110010001110000000000000000000000000000000000000000000000000000000000000000000000000000000000000000000
000000000000000000000000000000000000000000000000000000000000000000000000000000000000000000110010000101111011001000000000000000000000000000000000000000000000000000000000000000000000000000000000000000000
000000000000000000000000000000000000000000000000000000000000000000000000000000000000000001101111001101000010111100000000000000000000000000000000000000000000000000000000000000000000000000000000000000000
000000000000000000000000000000000000000000000000000000000000000000000000000000000000000011001000111001100110100010000000000000000000000000000000000000000000000000000000000000000000000000000000000000000
000000000000000000000000000000000000000000000000000000000000000000000000000000000000000110111101100111011100110111000000000000000000000000000000000000000000000000000000000000000000000000000000000000000
000000000000000000000000000000000000000000000000000000000000000000000000000000000000001100100001011100010011100100100000000000000000000000000000000000000000000000000000000000000000000000000000000000000
000000000000000000000000000000000000000000000000000000000000000000000000000000000000011011110011010010111110011111110000000000000000000000000000000000000000000000000000000000000000000000000000000000000
000000000000000000000000000000000000000000000000000000000000000000000000000000000000110010001110011110100001110000001000000000000000000000000000000000000000000000000000000000000000000000000000000000000
000000000000000000000000000000000000000000000000000000000000000000000000000000000001101111011001110000110011001000011100000000000000000000000000000000000000000000000000000000000000000000000000000000000
000000000000000000000000000000000000000000000000000000000000000000000000000000000011001000010111001001101110111100110010000000000000000000000000000000000000000000000000000000000000000000000000000000000
000000000000000000000000000000000000000000000000000000000000000000000000000000000110111100110100111111001000100011101111000000000000000000000000000000000000000000000000000000000000000000000000000000000
000000000000000000000000000000000000000000000000000000000000000000000000000000001100100011100111100000111101110110001000100000000000000000000000000000000000000000000000000000000000000000000000000000000
000000000000000000000000000000000000000000000000000000000000000000000000000000011011110110011100010001100001000101011101110000000000000000000000000000000000000000000000000000000000000000000000000000000
000000000000000000000000000000000000000000000000000000000000000000000000000000110010000101110010111011010011101101010001001000000000000000000000000000000000000000000000000000000000000000000000000000000
000000000000000000000000000000000000000000000000000000000000000000000000000001101111001101001110100010011110001001011011111100000000000000000000000000000000000000000000000000000000000000000000000000000
000000000000000000000000000000000000000000000000000000000000000000000000000011001000111001111000110111110001011111010010000010000000000000000000000000000000000000000000000000000000000000000000000000000
000000000000000000000000000000000000000000000000000000000000000000000000000110111101100111000101100100001011010000011111000111000000000000000000000000000000000000000000000000000000000000000000000000000
000000000000000000000000000000000000000000000000000000000000000000000000001100100001011100101101011110011010011000110000101100100000000000000000000000000000000000000000000000000000000000000000000000000
000000000000000000000000000000000000000000000000000000000000000000000000011011110011010011101001010001110011110101101001101011110000000000000000000000000000000000000000000000000000000000000000000000000
000000000000000000000000000000000000000000000000000000000000000000000000110010001110011110001111011011001110000101001111001010001000000000000000000000000000000000000000000000000000000000000000000000000
000000000000000000000000000000000000000000000000000000000000000000000001101111011001110001011000010010111001001101111000111011011100000000000000000000000000000000000000000000000000000000000000000000000
000000000000000000000000000000000000000000000000000000000000000000000011001000010111001011010100111110100111111001000101100010010010000000000000000000000000000000000000000000000000000000000000000000000
000000000000000000000000000000000000000000000000000000000000000000000110111100110100111010010111100000111100000111101101010111111111000000000000000000000000000000000000000000000000000000000000000000000
000000000000000000000000000000000000000000000000000000000000000000001100100011100111100011110100010001100010001100001001010100000000100000000000000000000000000000000000000000000000000000000000000000000
000000000000000000000000000000000000000000000000000000000000000000011011110110011100010110000110111011010111011010011111010110000001110000000000000000000000000000000000000000000000000000000000000000000
000000000000000000000000000000000000000000000000000000000000000000110010000101110010110101001100100010010100010011110000010101000011001000000000000000000000000000000000000000000000000000000000000000000
000000000000000000000000000000000000000000000000000000000000000001101111001101001110100101111011110111110110111110001000110101100110111100000000000000000000000000000000000000000000000000000000000000000
000000000000000000000000000000000000000000000000000000000000000011001000111001111000111101000010000100000100100001011101100101011100100010000000000000000000000000000000000000000000000000000000000000000
000000000000000000000000000000000000000000000000000000000000000110111101100111000101100001100111001110001111110011010001011101010011110111000000000000000000000000000000000000000000000000000000000000000
000000000000000000000000000000000000000000000000000000000000001100100001011100101101010011011100111001011000001110011011010001011110000100100000000000000000000000000000000000000000000000000000000000000
000000000000000000000000000000000000000000000000000000000000011011110011010011101001011110010011100111010100011001110010011011010001001111110000000000000000000000000000000000000000000000000000000000000
000000000000000000000000000000000000000000000000000000000000110010001110011110001111010001111110011100010110110111001111110010011011111000001000000000000000000000000000000000000000000000000000000000000
000000000000000000000000000000000000000000000000000000000001101111011001110001011000011011000001110010110100100100111000001111110010000100011100000000000000000000000000000000000000000000000000000000000
000000000000000000000000000000000000000000000000000000000011001000010111001011010100110010100011001110100111111111100100011000001111001110110010000000000000000000000000000000000000000000000000000000000
000000000000000000000000000000000000000000000000000000000110111100110100111010010111101110110110111000111100000000011110110100011000111000101111000000000000000000000000000000000000000000000000000000000
000000000000000000000000000000000000000000000000000000001100100011100111100011110100001000100100100101100010000000110000100110110101100101101000100000000000000000000000000000000000000000000000000000000
000000000000000000000000000000000000000000000000000000011011110110011100010110000110011101111111111101010111000001101001111100100101011101001101110000000000000000000000000000000000000000000000000000000
000000000000000000000000000000000000000000000000000000110010000101110010110101001101110001000000000001010100100011001111000011111101010001111001001000000000000000000000000000000000000000000000000000000
000000000000000000000000000000000000000000000000000001101111001101001110100101111001001011100000000011010111110110111000100110000001011011000111111100000000000000000000000000000000000000000000000000000
000000000000000000000000000000000000000000000000000011001000111001111000111101000111111010010000000110010100000100100101111101000011010010101100000010000000000000000000000000000000000000000000000000000
000000000000000000000000000000000000000000000000000110111101100111000101100001101100000011111000001101110110001111111101000001100110011110101010000111000000000000000000000000000000000000000000000000000
000000000000000000000000000000000000000000000000001100100001011100101101010011001010000110000100011001000101011000000001100011011101110000101011001100100000000000000000000000000000000000000000000000000
000000000000000000000000000000000000000000000000011011110011010011101001011110111011001101001110110111101101010100000011010110010001001001101010111011110000000000000000000000000000000000000000000000000
000000000000000000000000000000000000000000000000110010001110011110001111010000100010111001111000100100001001010110000110010101111011111111001010100010001000000000000000000000000000000000000000000000000
000000000000000000000000000000000000000000000001101111011001110001011000011001110110100111000101111110011111010101001101110101000010000000111010110111011100000000000000000000000000000000000000000000000
000000000000000000000000000000000000000000000011001000010111001011010100110111000100111100101101000001110000010101111001000101100111000001100010100100010010000000000000000000000000000000000000000000000
000000000000000000000000000000000000000000000110111100110100111010010111100100101111100011101001100011001000110101000111101101011100100011010110111110111111000000000000000000000000000000000000000000000
000000000000000000000000000000000000000000001100100011100111100011110100011111101000010110001111010110111101100101101100001001010011110110010100100000100000100000000000000000000000000000000000000000000
000000000000000000000000000000000000000000011011110110011100010110000110110000001100110101011000010100100001011101001010011111011110000101110111110001110001110000000000000000000000000000000000000000000
000000000000000000000000000000000000000000110010000101110010110101001100101000011011100101010100110111110011010001111011110000010001001101000100001011001011001000000000000000000000000000000000000000000
000000000000000000000000000000000000000001101111001101001110100101111011101100110010011101010111100100001110011011000010001000111011111001101110011010111010111100000000000000000000000000000000000000000
000000000000000000000000000000000000000011001000111001111000111101000010001011101111110001010100011110011001110010100111011101100010000111001001110010100010100010000000000000000000000000000000000000000
000000000000000000000000000000000000000110111101100111000101100001100111011010001000001011010110110001110111001110111100010001010111001100111111001110110110110111000000000000000000000000000000000000000
000000000000000000000000000000000000001100100001011100101101010011011100010011011100011010010100101011000100111000100010111011010100111011100000111000100100100100100000000000000000000000000000000000000
000000000000000000000000000000000000011011110011010011101001011110010010111110010010110011110111101010101111100101110110100010010111100010010001100101111111111111110000000000000000000000000000000000000
000000000000000000000000000000000000110010001110011110001111010001111110100001111110101110000100001010101000011101000100110111110100010111111011011101000000000000001000000000000000000000000000000000000
000000000000000000000000000000000001101111011001110001011000011011000000110011000000101001001110011010101100110001101111100100000110110100000010010001100000000000011100000000000000000000000000000000000
000000000000000000000000000000000011001000010111001011010100110010100001101110100001101111111001110010101011101011001000011110001100100110000111111011010000000000110010000000000000000000000000000000000
000000000000000000000000000000000110111100110100111010010111101110110011001000110011001000000111001110101010001010111100110001011011111101001100000010011000000001101111000000000000000000000000000000000
000000000000000000000000000000001100100011100111100011110100001000101110111101101110111100001100111000101011011010100011101011010010000001111010000111110100000011001000100000000000000000000000000000000
000000000000000000000000000000011011110110011100010110000110011101101000100001001000100010011011100101101010010010110110001010011111000011000011001100000110000110111101110000000000000000000000000000000
000000000000000000000000000000110010000101110010110101001101110001001101110011111101110111110010011101001011111110100101011011110000100110100110111010001101001100100001001000000000000000000000000000000
000000000000000000000000000001101111001101001110100101111001001011111001001110000001000100001111110001111010000000111101010010001001111100111100100011011001111011110011111100000000000000000000000000000
000000000000000000000000000011001000111001111000111101000111111010000111111001000011101110011000001011000011000001100001011111011111000011100011110110010111000010001110000010000000000000000000000000000
000000000000000000000000000110111101100111000101100001101100000011001100000111100110001001110100011010100110100011010011010000010000100110010110000101110100100111011001000111000000000000000000000000000
000000000000000000000000001100100001011100101101010011001010000110111010001100011101011111000110110010111100110110011110011000111001111101110101001101000111111100010111101100100000000000000000000000000
000000000000000000000000011011110011010011101001011110111011001100100011011010110001010000101100101110100011100101110001110101100111000001000101111001101100000010110100001011110000000000000000000000000
000000000000000000000000110010001110011110001111010000100010111011110110010010101011011001101011101000110110011101001011000101011100100011101101000111001010000110100110011010001000000000000000000000000
000000000000000000000001101111011001110001011000011001110110100010000101111110101010010111001010001101100101110001111010101101010011110110001001101100111011001100111101110011011100000000000000000000000
000000000000000000000011001000010111001011010100110111000100110111001101000000101011110100111011011001011101001011000010101001011110000101011111001011100010111011100001001110010010000000000000000000000
000000000000000000000110111100110100111010010111100100101111100100111001100001101010000111100010010111010001111010100110101111010001001101010000111010010110100010010011111001111111000000000000000000000
000000000000000000001100100011100111100011110100011111101000011111100111010011001011001100010111110100011011000010111100101000011011111001011001100011110100110111111110000111000000100000000000000000000
000000000000000000011011110110011100010110000110110000001100110000011100011110111010111010110100000110110010100110100011101100110010000111010111010110000111100100000001001100100001110000000000000000000
000000000000000000110010000101110010110101001100101000011011101000110010110000100010100010100110001100101110111100110110001011101111001100010100010101001100011110000011111011110011001000000000000000000
000000000000000001101111001101001110100101111011101100110010001101101110101001110110110110111101011011101000100011100101011010001000111010110110110101111010110001000110000010001110111100000000000000000
000000000000000011001000111001111000111101000010001011101111011001001000101111000100100100100001010010001101110110011101010011011101100010100100100101000010101011101101000111011000100010000000000000000
000000000000000110111101100111000101100001100111011010001000010111111101101000101111111111110011011111011001000101110001011110010001010110111111111101100110101010001001101100010101110111000000000000000
000000000000001100100001011100101101010011011100010011011100110100000001001101101000000000001110010000010111101101001011010001111011010100100000000001011100101011011111001010110101000100100000000000000
000000000000011011110011010011101001011110010010111110010011100110000011111001001100000000011001111000110100001001111010011011000010010111110000000011010011101010010000111010100101101111110000000000000
000000000000110010001110011110001111010001111110100001111110011101000110000111111010000000110111000101100110011111000011110010100111110100001000000110011110001011111001100010111101001000001000000000000
000000000001101111011001110001011000011011000000110011000001110001101101001100000011000001100100101101011101110000100110001110111100000110011100001101110001011010000111010110100001111100011100000000000
000000000011001000010111001011010100110010100001101110100011001011001001111010000110100011011111101001010001001001111101011000100010001101110010011001001011010011001100010100110011000010110010000000000
000000000110111100110100111010010111101110110011001000110110111010111111000011001100110110010000001111011011111111000001010101110111011001001111110111111010011110111010110111101110100110101111000000000
000000001100100011100111100011110100001000101110111101100100100010100000100110111011100101111000011000010010000000100011010101000100010111111000000100000011110000100010100100001000111100101000100000000
000000011011110110011100010110000110011101101000100001011111110110110001111100100010011101000100110100111111000001110110010101101110110100000100001110000110001001110110111110011101100011101101110000000
000000110010000101110010110101001101110001001101110011010000000100101011000011110111110001101111100111100000100011000101110101001000100110001110011001001101011111000100100001110001010110001001001000000
000001101111001101001110100101111001001011111001001110011000001111101010100110000100001011001000011100010001110110101101000101111101111101011001110111111001010000101111110011001011010101011111111100000
000011001000111001111000111101000111111010000111111001110100011000001010111101001110011010111100110010111011000100101001101101000001000001010111000100000111011001101000001110111010010101010000000010000
000110111101100111000101100001101100000011001100000111000110110100011010100001111001110010100011101110100010101111101111001001100011100011010100101110001100010111001100011000100011110101011000000111000
001100100001011100101101010011001010000110111010001100101100100110110010110011000111001110110110001000110110101000001000111111010110010110010111101001011010110100111010110101110110000101010100001100100
011011110011010011101001011110111011001100100011011011101011111100101110101110101100111000100101011101100100101100011101100000010101110101110100001111010010100111100010100101000101001101010110011011110
010010001110011110001111010000100010111011110110010010001010000011101000101000101011100101111101010001011111101010110001010000110101000101000110011000011110111100010110111101101101111001010101110010000
