000000000000000000000000000000000000000000000000000000000000000000000000000000000000000000000000000010000000000000000000000000000000000000000000000000000000000000000000000000000000000000000000000000000
000000000000000000000000000000000000000000000000000000000000000000000000000000000000000000000000000111000000000000000000000000000000000000000000000000000000000000000000000000000000000000000000000000000
000000000000000000000000000000000000000000000000000000000000000000000000000000000000000000000000001100100000000000000000000000000000000000000000000000000000000000000000000000000000000000000000000000000
000000000000000000000000000000000000000000000000000000000000000000000000000000000000000000000000011011110000000000000000000000000000000000000000000000000000000000000000000000000000000000000000000000000
000000000000000000000000000000000000000000000000000000000000000000000000000000000000000000000000110010001000000000000000000000000000000000000000000000000000000000000000000000000000000000000000000000000
000000000000000000000000000000000000000000000000000000000000000000000000000000000000000000000001101111011100000000000000000000000000000000000000000000000000000000000000000000000000000000000000000000000
000000000000000000000000000000000000000000000000000000000000000000000000000000000000000000000011001000010010000000000000000000000000000000000000000000000000000000000000000000000000000000000000000000000
000000000000000000000000000000000000000000000000000000000000000000000000000000000000000000000110111100111111000000000000000000000000000000000000000000000000000000000000000000000000000000000000000000000
000000000000000000000000000000000000000000000000000000000000000000000000000000000000000000001100100011100000100000000000000000000000000000000000000000000000000000000000000000000000000000000000000000000
000000000000000000000000000000000000000000000000000000000000000000000000000000000000000000011011110110010001110000000000000000000000000000000000000000000000000000000000000000000000000000000000000000000
000000000000000000000000000000000000000000000000000000000000000000000000000000000000000000110010000101111011001000000000000000000000000000000000000000000000000000000000000000000000000000000000000000000
000000000000000000000000000000000000000000000000000000000000000000000000000000000000000001101111001101000010111100000000000000000000000000000000000000000000000000000000000000000000000000000000000000000
000000000000000000000000000000000000000000000000000000000000000000000000000000000000000011001000111001100110100010000000000000000000000000000000000000000000000000000000000000000000000000000000000000000
000000000000000000000000000000000000000000000000000000000000000000000000000000000000000110111101100111011100110111000000000000000000000000000000000000000000000000000000000000000000000000000000000000000
000000000000000000000000000000000000000000000000000000000000000000000000000000000000001100100001011100010011100100100000000000000000000000000000000000000000000000000000000000000000000000000000000000000
000000000000000000000000000000000000000000000000000000000000000000000000000000000000011011110011010010111110011111110000000000000000000000000000000000000000000000000000000000000000000000000000000000000
000000000000000000000000000000000000000000000000000000000000000000000000000000000000110010001110011110100001110000001000000000000000000000000000000000000000000000000000000000000000000000000000000000000
000000000000000000000000000000000000000000000000000000000000000000000000000000000001101111011001110000110011001000011100000000000000000000000000000000000000000000000000000000000000000000000000000000000
000000000000000000000000000000000000000000000000000000000000000000000000000000000011001000010111001001101110111100110010000000000000000000000000000000000000000000000000000000000000000000000000000000000
000000000000000000000000000000000000000000000000000000000000000000000000000000000110111100110100111111001000100011101111000000000000000000000000000000000000000000000000000000000000000000000000000000000
000000000000000000000000000000000000000000000000000000000000000000000000000000001100100011100111100000111101110110001000100000000000000000000000000000000000000000000000000000000000000000000000000000000
000000000000000000000000000000000000000000000000000000000000000000000000000000011011110110011100010001100001000101011101110000000000000000000000000000000000000000000000000000000000000000000000000000000
000000000000000000000000000000000000000000000000000000000000000000000000000000110010000101110010111011010011101101010001001000000000000000000000000000000000000000000000000000000000000000000000000000000
000000000000000000000000000000000000000000000000000000000000000000000000000001101111001101001110100010011110001001011011111100000000000000000000000000000000000000000000000000000000000000000000000000000
000000000000000000000000000000000000000000000000000000000000000000000000000011001000111001111000110111110001011111010010000010000000000000000000000000000000000000000000000000000000000000000000000000000
000000000000000000000000000000000000000000000000000000000000000000000000000110111101100111000101100100001011010000011111000111000000000000000000000000000000000000000000000000000000000000000000000000000
000000000000000000000000000000000000000000000000000000000000000000000000001100100001011100101101011110011010011000110000101100100000000000000000000000000000000000000000000000000000000000000000000000000
000000000000000000000000000000000000000000000000000000000000000000000000011011110011010011101001010001110011110101101001101011110000000000000000000000000000000000000000000000000000000000000000000000000
000000000000000000000000000000000000000000000000000000000000000000000000110010001110011110001111011011001110000101001111001010001000000000000000000000000000000000000000000000000000000000000000000000000
000000000000000000000000000000000000000000000000000000000000000000000001101111011001110001011000010010111001001101111000111011011100000000000000000000000000000000000000000000000000000000000000000000000
000000000000000000000000000000000000000000000000000000000000000000000011001000010111001011010100111110100111111001000101100010010010000000000000000000000000000000000000000000000000000000000000000000000
000000000000000000000000000000000000000000000000000000000000000000000110111100110100111010010111100000111100000111101101010111111111000000000000000000000000000000000000000000000000000000000000000000000
000000000000000000000000000000000000000000000000000000000000000000001100100011100111100011110100010001100010001100001001010100000000100000000000000000000000000000000000000000000000000000000000000000000
000000000000000000000000000000000000000000000000000000000000000000011011110110011100010110000110111011010111011010011111010110000001110000000000000000000000000000000000000000000000000000000000000000000
000000000000000000000000000000000000000000000000000000000000000000110010000101110010110101001100100010010100010011110000010101000011001000000000000000000000000000000000000000000000000000000000000000000
000000000000000000000000000000000000000000000000000000000000000001101111001101001110100101111011110111110110111110001000110101100110111100000000000000000000000000000000000000000000000000000000000000000
000000000000000000000000000000000000000000000000000000000000000011001000111001111000111101000010000100000100100001011101100101011100100010000000000000000000000000000000000000000000000000000000000000000
000000000000000000000000000000000000000000000000000000000000000110111101100111000101100001100111001110001111110011010001011101010011110111000000000000000000000000000000000000000000000000000000000000000
000000000000000000000000000000000000000000000000000000000000001100100001011100101101010011011100111001011000001110011011010001011110000100100000000000000000000000000000000000000000000000000000000000000
000000000000000000000000000000000000000000000000000000000000011011110011010011101001011110010011100111010100011001110010011011010001001111110000000000000000000000000000000000000000000000000000000000000
000000000000000000000000000000000000000000000000000000000000110010001110011110001111010001111110011100010110110111001111110010011011111000001000000000000000000000000000000000000000000000000000000000000
000000000000000000000000000000000000000000000000000000000001101111011001110001011000011011000001110010110100100100111000001111110010000100011100000000000000000000000000000000000000000000000000000000000
000000000000000000000000000000000000000000000000000000000011001000010111001011010100110010100011001110100111111111100100011000001111001110110010000000000000000000000000000000000000000000000000000000000
000000000000000000000000000000000000000000000000000000000110111100110100111010010111101110110110111000111100000000011110110100011000111000101111000000000000000000000000000000000000000000000000000000000
000000000000000000000000000000000000000000000000000000001100100011100111100011110100001000100100100101100010000000110000100110110101100101101000100000000000000000000000000000000000000000000000000000000
000000000000000000000000000000000000000000000000000000011011110110011100010110000110011101111111111101010111000001101001111100100101011101001101110000000000000000000000000000000000000000000000000000000
000000000000000000000000000000000000000000000000000000110010000101110010110101001101110001000000000001010100100011001111000011111101010001111001001000000000000000000000000000000000000000000000000000000
000000000000000000000000000000000000000000000000000001101111001101001110100101111001001011100000000011010111110110111000100110000001011011000111111100000000000000000000000000000000000000000000000000000
000000000000000000000000000000000000000000000000000011001000111001111000111101000111111010010000000110010100000100100101111101000011010010101100000010000000000000000000000000000000000000000000000000000
000000000000000000000000000000000000000000000000000110111101100111000101100001101100000011111000001101110110001111111101000001100110011110101010000111000000000000000000000000000000000000000000000000000
000000000000000000000000000000000000000000000000001100100001011100101101010011001010000110000100011001000101011000000001100011011101110000101011001100100000000000000000000000000000000000000000000000000
000000000000000000000000000000000000000000000000011011110011010011101001011110111011001101001110110111101101010100000011010110010001001001101010111011110000000000000000000000000000000000000000000000000
000000000000000000000000000000000000000000000000110010001110011110001111010000100010111001111000100100001001010110000110010101111011111111001010100010001000000000000000000000000000000000000000000000000
000000000000000000000000000000000000000000000001101111011001110001011000011001110110100111000101111110011111010101001101110101000010000000111010110111011100000000000000000000000000000000000000000000000
000000000000000000000000000000000000000000000011001000010111001011010100110111000100111100101101000001110000010101111001000101100111000001100010100100010010000000000000000000000000000000000000000000000
000000000000000000000000000000000000000000000110111100110100111010010111100100101111100011101001100011001000110101000111101101011100100011010110111110111111000000000000000000000000000000000000000000000
000000000000000000000000000000000000000000001100100011100111100011110100011111101000010110001111010110111101100101101100001001010011110110010100100000100000100000000000000000000000000000000000000000000
000000000000000000000000000000000000000000011011110110011100010110000110110000001100110101011000010100100001011101001010011111011110000101110111110001110001110000000000000000000000000000000000000000000
000000000000000000000000000000000000000000110010000101110010110101001100101000011011100101010100110111110011010001111011110000010001001101000100001011001011001000000000000000000000000000000000000000000
000000000000000000000000000000000000000001101111001101001110100101111011101100110010011101010111100100001110011011000010001000111011111001101110011010111010111100000000000000000000000000000000000000000
000000000000000000000000000000000000000011001000111001111000111101000010001011101111110001010100011110011001110010100111011101100010000111001001110010100010100010000000000000000000000000000000000000000
000000000000000000000000000000000000000110111101100111000101100001100111011010001000001011010110110001110111001110111100010001010111001100111111001110110110110111000000000000000000000000000000000000000
000000000000000000000000000000000000001100100001011100101101010011011100010011011100011010010100101011000100111000100010111011010100111011100000111000100100100100100000000000000000000000000000000000000
000000000000000000000000000000000000011011110011010011101001011110010010111110010010110011110111101010101111100101110110100010010111100010010001100101111111111111110000000000000000000000000000000000000
000000000000000000000000000000000000110010001110011110001111010001111110100001111110101110000100001010101000011101000100110111110100010111111011011101000000000000001000000000000000000000000000000000000
000000000000000000000000000000000001101111011001110001011000011011000000110011000000101001001110011010101100110001101111100100000110110100000010010001100000000000011100000000000000000000000000000000000
000000000000000000000000000000000011001000010111001011010100110010100001101110100001101111111001110010101011101011001000011110001100100110000111111011010000000000110010000000000000000000000000000000000
000000000000000000000000000000000110111100110100111010010111101110110011001000110011001000000111001110101010001010111100110001011011111101001100000010011000000001101111000000000000000000000000000000000
000000000000000000000000000000001100100011100111100011110100001000101110111101101110111100001100111000101011011010100011101011010010000001111010000111110100000011001000100000000000000000000000000000000
000000000000000000000000000000011011110110011100010110000110011101101000100001001000100010011011100101101010010010110110001010011111000011000011001100000110000110111101110000000000000000000000000000000
000000000000000000000000000000110010000101110010110101001101110001001101110011111101110111110010011101001011111110100101011011110000100110100110111010001101001100100001001000000000000000000000000000000
000000000000000000000000000001101111001101001110100101111001001011111001001110000001000100001111110001111010000000111101010010001001111100111100100011011001111011110011111100000000000000000000000000000
000000000000000000000000000011001000111001111000111101000111111010000111111001000011101110011000001011000011000001100001011111011111000011100011110110010111000010001110000010000000000000000000000000000
000000000000000000000000000110111101100111000101100001101100000011001100000111100110001001110100011010100110100011010011010000010000100110010110000101110100100111011001000111000000000000000000000000000
000000000000000000000000001100100001011100101101010011001010000110111010001100011101011111000110110010111100110110011110011000111001111101110101001101000111111100010111101100100000000000000000000000000
000000000000000000000000011011110011010011101001011110111011001100100011011010110001010000101100101110100011100101110001110101100111000001000101111001101100000010110100001011110000000000000000000000000
000000000000000000000000110010001110011110001111010000100010111011110110010010101011011001101011101000110110011101001011000101011100100011101101000111001010000110100110011010001000000000000000000000000
000000000000000000000001101111011001110001011000011001110110100010000101111110101010010111001010001101100101110001111010101101010011110110001001101100111011001100111101110011011100000000000000000000000
000000000000000000000011001000010111001011010100110111000100110111001101000000101011110100111011011001011101001011000010101001011110000101011111001011100010111011100001001110010010000000000000000000000
000000000000000000000110111100110100111010010111100100101111100100111001100001101010000111100010010111010001111010100110101111010001001101010000111010010110100010010011111001111111000000000000000000000
000000000000000000001100100011100111100011110100011111101000011111100111010011001011001100010111110100011011000010111100101000011011111001011001100011110100110111111110000111000000100000000000000000000
000000000000000000011011110110011100010110000110110000001100110000011100011110111010111010110100000110110010100110100011101100110010000111010111010110000111100100000001001100100001110000000000000000000
000000000000000000110010000101110010110101001100101000011011101000110010110000100010100010100110001100101110111100110110001011101111001100010100010101001100011110000011111011110011001000000000000000000
000000000000000001101111001101001110100101111011101100110010001101101110101001110110110110111101011011101000100011100101011010001000111010110110110101111010110001000110000010001110111100000000000000000
000000000000000011001000111001111000111101000010001011101111011001001000101111000100100100100001010010001101110110011101010011011101100010100100100101000010101011101101000111011000100010000000000000000
000000000000000110111101100111000101100001100111011010001000010111111101101000101111111111110011011111011001000101110001011110010001010110111111111101100110101010001001101100010101110111000000000000000
000000000000001100100001011100101101010011011100010011011100110100000001001101101000000000001110010000010111101101001011010001111011010100100000000001011100101011011111001010110101000100100000000000000
000000000000011011110011010011101001011110010010111110010011100110000011111001001100000000011001111000110100001001111010011011000010010111110000000011010011101010010000111010100101101111110000000000000
000000000000110010001110011110001111010001111110100001111110011101000110000111111010000000110111000101100110011111000011110010100111110100001000000110011110001011111001100010111101001000001000000000000
000000000001101111011001110001011000011011000000110011000001110001101101001100000011000001100100101101011101110000100110001110111100000110011100001101110001011010000111010110100001111100011100000000000
000000000011001000010111001011010100110010100001101110100011001011001001111010000110100011011111101001010001001001111101011000100010001101110010011001001011010011001100010100110011000010110010000000000
000000000110111100110100111010010111101110110011001000110110111010111111000011001100110110010000001111011011111111000001010101110111011001001111110111111010011110111010110111101110100110101111000000000
000000001100100011100111100011110100001000101110111101100100100010100000100110111011100101111000011000010010000000100011010101000100010111111000000100000011110000100010100100001000111100101000100000000
000000011011110110011100010110000110011101101000100001011111110110110001111100100010011101000100110100111111000001110110010101101110110100000100001110000110001001110110111110011101100011101101110000000
000000110010000101110010110101001101110001001101110011010000000100101011000011110111110001101111100111100000100011000101110101001000100110001110011001001101011111000100100001110001010110001001001000000
000001101111001101001110100101111001001011111001001110011000001111101010100110000100001011001000011100010001110110101101000101111101111101011001110111111001010000101111110011001011010101011111111100000
000011001000111001111000111101000111111010000111111001110100011000001010111101001110011010111100110010111011000100101001101101000001000001010111000100000111011001101000001110111010010101010000000010000
000110111101100111000101100001101100000011001100000111000110110100011010100001111001110010100011101110100010101111101111001001100011100011010100101110001100010111001100011000100011110101011000000111000
001100100001011100101101010011001010000110111010001100101100100110110010110011000111001110110110001000110110101000001000111111010110010110010111101001011010110100111010110101110110000101010100001100100
011011110011010011101001011110111011001100100011011011101011111100101110101110101100111000100101011101100100101100011101100000010101110101110100001111010010100111100010100101000101001101010110011011110
010010001110011110001111010000100010111011110110010010001010000011101000101000101011100101111101010001011111101010110001010000110101000101000110011000011110111100010110111101101101111001010101110010000
011111011001110001011000011001110110100010000101111111011011000110001101101101101010011101000001011011010000001010101011011001100101101101101101110100110000100010110100100001001001000111010101001111000
010000010111001011010100110111000100110111001101000000010010101101011001001001001011110001100011010010011000011010101010010111011101001001001001000111101001110110100111110011111111101100010101111000100
011000110100111010010111100100101111100100111001100000111110101001010111111111111010001011010110011111110100110010101011110100010001111111111111101100001111000100111100001110000000001010110101000101110
010101100111100011110100011111101000011111100111010001100000101111010100000000000011011010010101110000000111101110101010000110111011000000000000001010011000101111100010011001000000011010100101101101000
010101011100010110000110110000001100110000011100011011010001101000010110000000000110010011110101001000001100001000101011001100100010100000000000011011110101101000010111110111100000110010111101001001100
010101010010110101001100101000011011101000110010110010011011001100110101000000001101111110000101111100011010011101101010111011110110110000000000110010000101001100110100000100010001101110100001111111010
010101011110100101111011101100110010001101101110101111110010111011100101100000011001000001001101000010110011110001001010100010000100101000000001101111001101111011100110001110111011001000110011000000010
010101010000111101000010001011101111011001001000101000001110100010011101010000110111100011111001100110101110001011111010110111001111101100000011001000111001000010011101011000100010111101101110100000110
010101011001100001100111011010001000010111111101101100011000110111110001011001100100010110000111011100101001011010000010100100111000001010000110111101100111100111110001010101110110100001001000110001100
010101010111010011011100010011011100110100000001001010110101100100001011010111011110110101001100010011101111010011000110111111100100011011001100100001011100011100001011010101000100110011111101101011010
010101010100011110010010111110010011100110000011111010100101011110011010010100010000100101111010111110001000011110101100100000011110110010111011110011010010110010011010010101101111101110000001001010010
010101010110110001111110100001111110011101000110000010111101010001110011110110111001111101000010100001011100110000101011110000110000101110100010001110011110101111110011110101001000001001000011111011110
010101010100101011000000110011000001110001101101000110100001011011001110000100100111000001100110110011010011101001101010001001101001101000110111011001110000101000001110000101111100011111100110000010000
010101010111101010100001101110100011001011001001101100110011010010111001001111111100100011011100101110011110001111001011011111001111001101100100010111001001101100011001001101000010110000011101000111000
010101010100001010110011001000110110111010111111001011101110011110100111111000000011110110010011101001110001011000111010010000111000111001011110110100111111001010110111111001100110101000110001101100100
010101010110011010101110111101100100100010100000111010001001110000111100000100000110000101111110001111001011010101100011111001100101100111010000100111100000111010100100000111011100101101101011001011110
010101010101110010101000100001011111110110110001100011011111001001100010001110001101001101000001011000111010010101010110000111011101011100011001111100010001100010111110001100010011101001001010111010000
010101010101001110101101110011010000000100101011010110010000111111010111011001011001111001100011010101100011110101010101001100010001010010110111000010111011010110100001011010111110001111111010100011000
010101010101111000101001001110011000001111101010010101111001100000010100010111010111000111010110010101010110000101010101111010111011011110100100100110100010010100110011010010100001011000000010110110100
010101010101000101101111111001110100011000001011110101000111010000110110110100010100101100010101110101010101001101010101000010100010010000111111111100110111110111101110011110110011010100000110100100110
010101010101101101001000000111000110110100011010000101101100011001100100100110110111101010110101000101010101111001010101100110110111111001100000000011100100000100001001110000101110010110001100111111100
010101010101001001111100001100101100100110110011001101001010110111011111111100100100001010100101101101010101000111010101011100100100000111010000000110011110001110011111001001101001110101011011100000010
010101010101111111000010011011101011111100101110111001111010100100010000000011111110011010111101001001010101101100010101010011111110001100011000001101110001011001110000111111001111000101010010010000110
010101010101000000100111110010001010000011101000100111000010111110111000000110000001110010100001111111010101001010110101011110000001011010110100011001001011010111001001100000111000101101011111111001100
010101010101100001111100001111011011000110001101111100100110100000100100001101000011001110110011000000010101111010100101010001000011010010100110110111111010010100111111010001100101101001010000000111010
010101010101010011000010011000010010101101011001000011111100110001111110011001100110111000101110100000110101000010111101011011100110011110111100100100000011110111100000011011011101001111011000001100010
010101010101011110100111110100111110101001010111100110000011101011000001110111011100100101101000110001100101100110100001010010011101110000100011111110000110000100010000110010010001111000010100011010110
010101010101010000111100000111100000101111010100011101000110001010100011000100010011111101001101101011011101011100110011011111110001001001110110000001001101001110111001101111111011000100110110110010100
010101010101011001100010001100010001101000010110110001101101011010110110101110111110000001111001001010010001010011101110010000001011111111000101000011111001111000100111001000000010101111100100101110110
010101010101010111010111011010111011001100110100101011001001010010100100101000100001000011000111111011111011011110001001111000011010000000101101100110000111000101111100111100000110101000011111101000100
010101010101010100010100010010100010111011100111101010111111011110111111101101110011100110101100000010000010010001011111000100110011000001101001011101001100101101000011100010001100101100110000001101110
010101010101010110110110111110110110100010011100001010100000010000100000001001001110011100101010000111000111111011010000101111101110100011001111010001111011101001100110010111011011101011101000011001000
010101010101010100100100100000100100110111110010011010110000111001110000011111111001110011101011001100101100000010011001101000001000110110111000011011000010001111011101110100010010001010001100110111100
010101010101010111111111110001111111100100001111110010101001100111001000110000000111001110001010111011101010000111110111001100011101100100100100110010100111011000010001000110111111011011011011100100010
010101010101010100000000001011000000011110011000001110101111011100111101101000001100111001011010100010001011001100000100111010110001011111111111101110111100010100111011101100100000010010010010011110110
010101010101010110000000011010100000110001110100011000101000010011100001001100011011100111010010110111011010111010001111100010101011010000000000001000100010110111100010001011110000111111111111110000100
010101010101010101000000110010110001101011000110110101101100111110010011111010110010011100011110100100010010100011011000010110101010011000000000011101110110100100010111011010001001100000000000001001110
010101010101010101100001101110101011001010101100100101001011100001111110000010101111110010110000111110111110110110010100110100101011110100000000110001000100111110110100010011011111010000000000011111000
010101010101010101010011001000101010111010101011111101111010010011000001000110101000001110101001100000100000100101110111100111101010000110000001101011101111100000100110111110010000011000000000110000100
010101010101010101011110111101101010100010101010000001000011111110100011101100101100011000101111010001110001111101000100011100001011001101000011001010001000010001111100100001111000110100000001101001110
010101010101010101010000100001001010110110101011000011100110000000110110001011101010110101101000011011001011000001101110110010011010111001100110111011011100111011000011110011000101100110000011001111000
010101010101010101011001110011111010100100101010100110011101000001100101011010001010100101001100110010111010100011001000101111110010100111011100100010010011100010100110001110101101011101000110111000100
010101010101010101010111001110000010111111101010111101110001100011011101010011011010111101111011101110100010110110111101101000001110111100010011110111111110010110111101011000101001010001101100100101110
010101010101010101010100111001000110100000001010100001001011010110010001011110010010100001000010001000110110100100100001001100011000100010111110000100000001110100100001010101101111011011001011111101000
010101010101010101010111100111101100110000011010110011111010010101111011010001111110110011100111011101100100111111110011111010110101110110100001001110000011000111110011010101001000010010111010000001100
010101010101010101010100011100001011101000110010101110000011110101000010011011000000101110011100010001011111100000001110000010100101000100110011111001000110101100001110010101111100111110100011000011010
010101010101010101010110110010011010001101101110101001000110000101100111110010100001101001110010111011010000010000011001000110111101101111101110000111101100101010011001110101000011100000110110100110010
010101010101010101010100101111110011011001001000101111101101001101011100001110110011001111001110100010011000111000110111101100100001001000001001001100001011101011110111000101100110010001100100111101110
010101010101010101010111101000001110010111111101101000001001111001010010011000101110111000111000110111110101100101100100001011110011111100011111111010011010001010000100101101011101111011011111100001000
010101010101010101010100001100011001110100000001001100011111000111011111110101101000100101100101100100000101011101011110011010001110000010110000000011110011011011001111101001010001000010010000010011100
010101010101010101010110011010110111000110000011111010110000101100010000000101001101111101011101011110001101010001010001110011011001000110101000000110001110010010111000001111011011100111111000111110010
010101010101010101010101110010100100101101000110000010101001101010111000001101111001000001010001010001011001011011011011001110010111101100101100001101011001111110100100011000010010011100000101100001110
010101010101010101010101001110111111101001101101000110101111001010100100011001000111100011011011011011010111010010010010111001110100001011101010011001010111000000111110110100111111110010001101010011000
010101010101010101010101111000100000001111001001101100101000111010111110110111101100010110010010010010010100011111111110100111000110011010001011110111010100100001100000100111100000001111011001011110100
010101010101010101010101000101110000011000111111001011101101100010100000100100001010110101111111111111110110110000000000111100101101110011011010000100010111110011010001111100010000011000010111010000110
010101010101010101010101101101001000110101100000111010001001010110110001111110011010100101000000000000000100101000000001100011101001001110010011001110110100001110011011000010111000110100110100011001100
010101010101010101010101001001111101100101010001100011011111010100101011000001110010111101100000000000001111101100000011010110001111111001111110111000100110011001110010100110100101100111100110110111010
010101010101010101010101111111000001011101011011010110010000010111101010100011001110100001010000000000011000001010000110010101011000000111000000100101111101110111001110111100111101011100011100100100010
010101010101010101010101000000100011010001010010010101111000110100001010110110111000110011011000000000110100011011001101110101010100001100100001111101000001000100111000100011100001010010110011111110110
010101010101010101010101100001110110011011011111110101000101100110011010100100100101101110010100000001100110110010111001000101010110011011110011000001100011101111100101110110010011011110101110000000100
010101010101010101010101010011000101110010010000000101101101011101110010111111111101001001110110000011011100101110100111101101010101110010001110100011010110001000011101000101111110010000101001000001110
010101010101010101010101011110101101001111111000001101001001010001001110100000000001111111000101000110010011101000111100001001010101001111011000110110010101011100110001101101000001111001101111100011000
010101010101010101010101010000101001111000000100011001111111011011111000110000000011000000101101101101111110001101100010011111010101111000010101100101110101010011101011001001100011000111001000010110100
010101010101010101010101011001101111000100001110110111000000010010000101101000000110100001101001001001000001011001010111110000010101000100110101011101000101011110001010111111010110101100111100110100110
010101010101010101010101010111001000101110011000100100100000111111001101001100001100110011001111111111100011010111010100001000110101101111100101010001101101010001011010100000010100101011100011100111100
010101010101010101010101010100111101101001110101111111110001100000111001111010011011101110111000000000010110010100010110011101100101001000011101011011001001011011010010110000110111101010010110011100010
010101010101010101010101010111100001001111000101000000001011010001100111000011110010001000100100000000110101110110110101110001011101111100110001010010111111010010011110101001100100001011110101110010110
010101010101010101010101010100010011111000101101100000011010011011011100100110001111011101111110000001100101000100100101001011010001000011101011011110100000011111110000101111011110011010000101001110100
010101010101010101010101010110111110000101101001010000110011110010010011111101011000010001000001000011011101101111111101111010011011100110001010010000110000110000001001101000010001110011001101111000110
010101010101010101010101010100100001001101001111011001101110001111111110000001010100111011100011100110010001001000000001000011110010011101011011111001101001101000011111001100111011001110111001000101100
010101010101010101010101010111110011111001111000010111001001011000000001000011010111100010010110011101111011111100000011100110001111110001010010000111001111001100110000111011100010111000100111101101010
010101010101010101010101010100001110000111000100110100111111010100000011100110010100010111110101110001000010000010000110011101011000001011011111001100111000111011101001100010010110100101111100001001010
010101010101010101010101010110011001001100101111100111100000010110000110011101110110110100000101001011100111000111001101110001010100011010010000111011100101100010001111010111110100111101000010011111010
010101010101010101010101010101110111111011101000011100010000110101001101110001000100100110001101111010011100101100111001001011010110110011111001100010011101010111011000010100000111100001100111110000010
010101010101010101010101010101000100000010001100110010111001100101111001001011101111111101011001000011110011101011100111111010010100101110000111010111110001010100010100110110001100010011011100001000110
010101010101010101010101010101101110000111011011101110100111011101000111111010001000000001010111100110001110001010011100000011110111101001001100010100001011010110110111100101011010111110010010011101100
010101010101010101010101010101001001001100010010001000111100010001101100000011011100000011010100011101011001011011110010000110000100001111111010110110011010010100100100011101010010100001111111110001010
010101010101010101010101010101111111111010111111011101100010111011001010000110010010000110010110110001010111010010001111001101001110011000000010100101110011110111111110110001011110110011000000001011010
010101010101010101010101010101000000000010100000010001010110100010111011001101111111001101110100101011010100011111011000111001111001110100000110111101001110000100000000101011010000101110100000011010010
010101010101010101010101010101100000000110110000111011010100110110100010111001000000111001000111101010010110110000010101100111000111000110001100100001111001001110000001101010011001101000110000110011110
010101010101010101010101010101010000001100101001100010010111100100110110100111100001100111101100001011110100101000110101011100101100101101011011110011000111111001000011001011110111001101101001101110000
010101010101010101010101010101011000011011101111010111110100011111100100111100010011011100001010011010000111101101100101010011101011101001010010001110101100000111100110111010000100111001001111001001000
010101010101010101010101010101010100110010001000010100000110110000011111100010111110010010011011110011001100001001011101011110001010001111011111011000101010001100011100100011001111100111111000111111100
010101010101010101010101010101010111101111011100110110001100101000110000010110100001111111110010001110111010011111010001010001011011011000010000010101101011011010110011110110111000011100000101100000010
010101010101010101010101010101010100001000010011100101011011101101101000110100110011000000001111011000100011110000011011011011010010010100111000110101001010010010101110000100100100110010001101010000110
010101010101010101010101010101010110011100111110011101010010001001001101100111101110100000011000010101110110001000110010010010011111110111100101100101111011111110101001001111111111101111011001011001100
010101010101010101010101010101010101110011100001110001011111011111111001011100001000110000110100110101000101011101101111111111110000000100011101011101000010000000101111111000000000001000010111010111010
010101010101010101010101010101010101001110010011001011010000010000000111010010011101101001100111100101101101010001001000000000001000001110110001010001100111000001101000000100000000011100110100010100010
010101010101010101010101010101010101111001111110111010011000111000001100011111110001001111011100011101001001011011111100000000011100011000101011011011011100100011001100001110000000110011100110110110110
010101010101010101010101010101010101000111000000100011110101100100011010110000001011111000010010110001111111010010000010000000110010110101101010010010010011110110111010011001000001101110011100100100100
010101010101010101010101010101010101101100100001110110000101011110110010101000011010000100111110101011000000011111000111000001101110100101001011111111111110000100100011110111100011001001110011111111110
010101010101010101010101010101010101001011110011000101001101010000101110101100110011001111100000101010100000110000101100100011001000111101111010000000000001001111110110000100010110111111001110000000000
010101010101010101010101010101010101111010001110101101111001011001101000101011101110111000010001101010110001101001101011110110111101100001000011000000000011111000000101001110110100100000111001000000000
010101010101010101010101010101010101000011011000101001000111010111001101101010001000100100111011001010101011001111001010000100100001010011100110100000000110000100001101111000100111110001100111100000000
010101010101010101010101010101010101100110010101101111101100010100111001001011011101111111100010111010101010111000111011001111110011011110011100110000001101001110011001000101111100001011011100010000000
010101010101010101010101010101010101011101110101001000001010110111100111111010010001000000010110100010101010100101100010111000001110010001110011101000011001111001110111101101000010011010010010111000000
010101010101010101010101010101010101010001000101111100011010100100011100000011111011100000110100110110101010111101010110100100011001111011001110001100110111000111000100001001100111110011111110100100000
010101010101010101010101010101010101011011101101000010110010111110110010000110000010010001100111100100101010100001010100111110110111000010111001011011100100101100101110011111011100001110000000111110000
010101010101010101010101010101010101010010001001100110101110100000101111001101000111111011011100011111101010110011010111100000100100100110100111010010011111101011101001110000010010011001000001100001000
010101010101010101010101010101010101011111011111011100101000110001101000111001101100000010010010110000001010101110010100010001111111111100111100011111110000001010001111001000111111110111100011010011100
